$ANSIBLE_VAULT;1.1;AES256
35613831353632623262653134333561616464383733636361303839373562646563323237656565
3363643636333765386538616465383630623235353564380a306664393363376237376366623563
64646434393062343861306563376431336139666231623731633033653132356432623833333836
3963383965373530640a346265633766313231636332336261383938346262666263396464386664
63363739303736316636306261333538336632333139653333346238616133376438353464303433
65303630636232326266323536313638313236373365316231353038373163343235623462393130
66373963373530323766666332306562303532306530383234303364343837353163643935306163
62363965653237396666373835333236383832396665396138653035393237626139356238306430
66633537633337323564356662333436393632303661323837653631343838643164376336326366
32366433356132303639333864373763626461363964633836306465366133353861376632336137
38653932623034363063663537643337303839636261633666613730666238626265326437373535
66376332633837613235623865326437343763333431333533613033626461646632613430636463
32646565356130646465393865393564663535656230663132373131663134623061306430316330
3034326564633764303061353061313236343664303933366266
