$ANSIBLE_VAULT;1.1;AES256
35313634303561623730326431333633363332383164353039306630313737633865643133656132
6264626634653962396639326262366261383436376230610a626630393132333164343137663039
64346530623530643934643633353931663130666665303134366433653532346163313538633332
3133656165623931310a383261663035643461346236346565313034616137346637356631643335
65663961333431303837393736663530633335306232303436623933626366353131313633616439
37393032666661656264396534323436313531643265366136663035666531636335656565653031
38633434363363333661376164623466326230326632653038303665343239313665373431626264
65333633656533336238646130613236353136643134396530633136336134343965393433323539
62376632306239306131346635326436313730356233623039363465306430333134383461373766
39383965326134613538653665343065653339383665666130623662663062366366646530373965
34373462613466663236356262386233643930393961643763376365643961346132663536613138
65613365303263366661323633326635363333633062373264333561623863313330386138333839
63643065313332313862656338643063383038333837646361643963393034323138393932613764
64383165353863326638623665313334333165356536333539306266376565363034333864386362
30343161656135353865346165303131656165333963646537333638636637623938373337316330
64373538306461336539343234333263356366313965393238323330663539343266326166643561
39613633383761623030643962333435663165623839626530623737383738653430376531643138
36396332393462616135663930383436616462303137363636626364653337623836326433633761
36386462383232383661623237346339346163323132376333626266653638386262656432643130
33356365633538323532626462363930386565633830303936343332383331666536636535636637
64316265653535663961353432333535613838363830663739353037643033316438383835653830
66363038353963343165383866653862363630666436396165326165373238316635383236623938
38373639383035643139353063363439623833383761386334313766346665353030666338373063
61623963363664303038353265653039356162386333363130613831316331343565316133326135
31333065316666303439663562393961366166666565383432383431386239613433643962663332
32613133663865393135643236393036616137343265623639663130343766623861306263393866
30623264613437376665386433633839626564623938666431643231353933346335633634353866
63643235653533393064
