$ANSIBLE_VAULT;1.1;AES256
64633139333834303233633961373335343238306162343434633066633861663363653461343535
3265303934656630343161326132333766623931633763640a346466363263663731343261306461
39653461643462373861396632333035323338356133613731393766303234653430633933633834
6265623537366562660a316432326636393133613934653033613935366162363361336432333761
39373137623734346637626539316338333633343930366332636238353762396332313063373730
35386164356361323233643632366433303638316432396261336133323831643565396662653631
62386565373265346237623932616263663338383362326363636137636566373733383961633666
39376463656664623062306666313132306466393934363330663838363461393339666230326664
31383265353734353564613231343133323531343237343866623162383031343566306630306333
31633031336566363939373366346237393032663638376536363764613933326237366538376266
66306466303735656662336362626139373063393738346634376539383463346461643638366338
30613935663238346634646137633963653835383633373766363462393433623066653038396132
62623063626232316535626635663930623434346363646433326230386438633730666635306162
31306233643863643630643661653137663336323965643538333631626636306562353832633331
34613034353033396139313533613934363563656464396334363537663034386162393466313162
62363565303734353437396534386135353165663932396339333763633265383838333763393139
33323232393530326362646231623732363534333232626131383338656437363034373836616136
65333033313365316337343037356265326436623539313038656466343061663436613466386566
65656433336564633530613661313563373537306637313230373930656238373933383565333561
65306530316530663464383136313836393630626565633631366161303231333063353034656163
63613564666635356165306134363662646261633062366630326363653037303036313234306531
37326637646461376139623936373462663435666365636437393038306665323035636232326531
65383831633162343230376133326337653963656564393238613666643739643137626431373664
32383030353463306335
