$ANSIBLE_VAULT;1.1;AES256
61633438303431333533626164363231663438306633333832343130303264346435313963313933
6132663137646661623935303763366465633732646164350a373065623433653138633037613564
33666566616666303836353661633233303734303639313763626532396131623066393435333039
6133656331383930330a656161363333363731366665336234613333373066646538383865366632
31333436653231656237386565363936346362313839613632316363373933373434306566303761
37613466656235323738373333313932303234623935386437336565306430616431386630383238
62343666373039303838623331633937633139643133303236336138303664333861623339633661
62633962383330626661633936383436323631633834376465613934376461643131656332386432
62393834303936653165376235646336656662383764643331613564663531663635383938373965
31626164363738323965366531363039626338376334396661303537303239353837656536386364
37383866633866356639653434623639343437613039373135366137303663323930393738633064
36316638666135396462343963336261623031363665646632343263326237306336326336393661
31363030613532316533333936353430656161616139613135653139393533373034613735656332
30363437623836303630666133393364663237326163336465633562626463366661393539643830
65383933383262323265616132373539613565353439333866363630393638353133653537383237
63373262363430353261326330663961383462373535623534633366626430616430653336613739
66363633343239323932363631613836636139343463343862313233323832393837323561616235
35616335343865366363373131663535666531653334353637343061396662653265323239363064
32313763333635333664353731646436383135376535363437666432303565353762373239623136
35633532616232613661326539633132623635653165663965316633323566313166326137646233
38633439386439653166653832653232663936363364643062626432353139303665626336616366
62366332336661663533346635653636623734323962346638623430663137376337626239383464
37316562636464323831613466303933663332623563343638626238363764626466313435353062
35613665666232383432316462313231303663346464343030643734663965363431353538373035
3164
