$ANSIBLE_VAULT;1.1;AES256
33646331626364383961366139646365393136646263663361336437343333343462656535626234
3634636161356266663366663134323437663435383134610a343035363539333232626435656136
64373339313966393334636266633266306536356563383131316334626234313339376335326535
3639363839643838610a623432383862323063666535323539333663663966326538393035306265
36316531343439323738383935643766623932656235633837643937326333356363613065366364
31323362663965323734363965646437393435613934663839393431623862316331333962616464
39643565646231663037336663636463346338346234343461373835356662386133356430363332
62653635396232633733616536366639646234623732363062643063363137336535353838353638
30663539333639356561343365313265326363646335626532633663386230333064356337353861
62356462643330616233316436316137613032336435653939316335346337383136346439643265
38303638326537323537363033306437306262313463343962643035366363623661356434353739
62633961343636663764326665313335646131386334643762343964366161326264626463303138
35383234613437333538613032656536353335666261656238663061663262393330326533353333
30306330323530356164373036643639346432383230343163663563353436633533313636663462
63396562353030393463396231316637376333656265653237666165316665326436323262363636
35656163306636373164653261663530333536363635616237313465666539303066653539663135
32636637323436663037326238356534393638383733386662643366396164646637626631343838
37653436663835386661366464333965333661633838303166653166376636643931363932363262
61623838313766303238333339353234666666323661353863326537316130623964306633306630
33373436366530626664626563346262333266303137313635653934633163326639353835396665
33356361346336633963396336653132626438613664306433336163656537316134613865333165
33336338313934663835353834623238313831386439613039393264346532393765633966326338
39323537363866323764376261366465336330303463373262663664393838336633643830316463
66633137336161656137646533316430633730323362386535633466363633343434393536356463
31656331353364633337666237316133376237353038616232376362313364626661303465653033
37316630313764613831623465646566633736636330663662333733396139323238343930646431
32613737326333623437653030663233613366316136336464386434643538313331373761643565
37326136376161613061623662613563643664643666363763353536336163356134326364386137
33306635643065346164633439306133633536323964643564303261303462323231306438323638
35653433656436363663653264613837363866333432643663346265626133663431643462346566
34646264643039613438636635613534396533663333656334343031393036343330633736346664
36663362326361326538333830623166323565366233313037663639376539636533303737366630
62656635616233363439633237306462353234353164663561376633656436333531333531306533
64623532643738656562646233636664656666343962316236666432316163663432336238666237
38636162316633346637303162666261663839656630393565646435303738313364656661643432
30346661653166376132366531353364383832376139646264653662306661383865353365643462
64653739303737333364663265363763623134643433313264323530646339353439316536356163
61613035346364666161636630623965643434393262316362366464316539646466383534326662
34353234303534366135383833386135333632323231383163656439343164393166383562393538
33336664366136313862376630626363326636626162333461613839303230396331356631623435
61613237656364383036636661333261353930343462393461313530313932333363356632663463
64313266336635343763306432396263616132643766616531633735623864636634366539323861
37646534376239666432383431633336333862363666393762343833373333636636303732306536
64363963356530386631353135636130656530343564343466313030643230633164336663616439
64633033653739653830386665386135303334366164343932316236303165643930623863356261
64376463363762666166653138633238313430616437366166633464393965383364336639383266
64316164343331623563323830393237636361373862373934393830373738663364376535656634
31666530633766313062616639346262613466363261323833643033616261633031353835636136
34353432373131393330326536363761663330663366373566343437383335316666346239366430
63616434346333653235653164376338613965613734653634396234396330623330386434656462
63663966373364343037663462363665323663663232653836333538663538326233326635363165
63356131636536333837633438333334353564386261643163626165336331663037376239393732
30643534353638303935666337633036313333623631396561393833643634633539626364376339
38636436646233376135666336386237343736663161326162623161353430363265633531373439
64643638636433333834666632666663333239363639306562336664363766393038353761653164
62356664373534373964373536616361373763636365643133616433623539316463303731376362
34363133386631326563326438343365393362376164313765353635323665356536333039326263
30653661636463613964373132633265353563613433663364373832303865326164343432303131
30363534396461626261366664376231623762393566616636333466363637396564343839383931
61353262643538613366323732663438653066613265323032306238396131383230646438383263
64386330393630393238343265356132383461343636633162353837626131356662316164626362
34373632396461376530626338653636306533316566303630643732383933376539353938393737
32636430373035656539306466386531633734636137343364393062326564613630373231323830
61383035306439336165653534316334396231373230303562333237623833373233313865373230
33306666343738316230303963326465336465643639663739666565666235393733616134613263
37383139636331653762356133376333316365346232376631306231643363373364656531623263
37623265663432323233333437303734623335666530323831306334323065656131353037353561
61663864656663313635333336623134373664626634623330306165356564633965313133313838
65366362396361353031636164666564313065643566333137343131353834646133303561653261
65396234336636373463663137383636373231366561316139666330396437643261363736613766
66333165663034323038653139343036353032626463396566616639643238326237666266643464
31653861656331353839343865316339396466326130353537663131396362646164633364396661
66303238643866366164323637366635396438363837333566626363303562356333386463616637
61346530323864663536653033613335376638633836386237303531346639343133346336313134
33653739363062343761666531363836393962366530666432343735333637656631393766393137
33626336646639623665656538303965363135363735373362633865613036306430666461396231
63633661666631623933313238346535393561363764316664643562643463303966383230633565
61633032666439656433326232313434393030313563303336636236613864303263336237373237
63386435656163363064643662346537666239613461616631393963326563666531636463636561
65343665343231393464316130336431303936616366373062323833396565363434313431386562
36333133623839666164333163623936613337353636393262353135646661303662376636623838
61633032336536656536363730396135313065636439643531663633626336613237373638623062
66663564353935623064343665303861393535613838616661326435363366306238373531616631
64623734336133353831643063326265353736366162626362633837663130663733376166323237
64653966656161343866373338633466373431326263363463343433643639613466353239336631
30666637343035353866333565303335613533303739346362636438373532303231376164393866
31613134313833343834613938623861303565646265376166626161636532356566386363656662
39386331343463623130613463386537303335313035313965666661396533353964613862393766
34316436353930366335333665346164333161326633396434626162656462316139613764616366
38323630666461346630333030376634643766303432376533343162343962356532393165396638
30346635303532396432663265613536333632643334393765613431313661663436366663383838
33613361643735636238373161393632613534356266366138363861333736613430623636343836
64656135623736626232386638376338643634633661616235343032303036636634343862316532
35346336346134366636383662313266623332643734663636633236623934393733646637396361
65343537336338383033653265613161383736643366613864376437623439383066323462343665
62373762616462336237303761646330356536643666376238663761323732323836663330633761
64666265303738316666646237666632376330303330666137353338353036616261333337393934
33393432333761366538666464313633623834346161333331376530373637376630643734626631
36323730643336626165356166363864303230353130393261393438393139383362626361303738
65303836346133383931356336623432343630646333616237633762663731616661313436303663
65636665376634323066373735313239363635366561353262623966376330353238316531383366
39613064363830633165363430313039633739623234666434383365366566373630663365336239
30383261666265326439663331613262643366353739316335346266363566323137303066653136
63616130623233626431353837323836363036613532653435653037623465613065613538393165
39373361316434656362396662346331306439633764636365343662326561336266316562316336
31646262653339393237303461646635656135343930656535323738646563373565376163333961
30643862636664663762363335383030393364646639396637333164333461386432303732383532
61393737616163643530363438333638376537653866303862393432623436303764666163613064
66643465323330313535353537666433346566613737303133613264393438353335643636323337
35306635646539363661303530366334323962313766333062636536303035636130396134313234
35656638393432633330643837626233343230613931316136633131373431343263323734346630
35343833623135646235333834623932376232363435363361336138313235353335333838323235
64396539326262653438393664393363396538313330626231393438393537363734633232386436
39386362376462663439396332303432346138376561333031623038656363346235616239343361
34396637623561373831343632376233653532633738636537663638333763656337636336653033
63316631363763393936323065313763346434396365623132303138373030376531356462373161
62373937363638323838623230643266386130363132646134633364343265613039666530643238
65343064613636303263613231633633353764313235376365396361313334303138353464303736
33333931393531643833323433666136646631313833336638616364396234363633323939373139
36346665633431373362333935616336623733343639366139653030343736626634303436386131
61343661636236333338623762366631346163653861633663663266333433396337633730643139
62356234373031373664666362303135333662336432313430306539393161636462373839666634
31393362303137343632663236643630646136643538316231373161356134383532653235613332
64626566356266376539613366393261353263613337303234616161666565376635383737626630
32656664396334666434313363386664363739383336313734313037616533346435393432333533
63333239656435333039353035363039663734383139303865623134303239666536383963383738
39613838396165366432386630323432323131336430303662656464636437393132316665313232
64343164663634656262396266336466306132373366666135353862666565343732616136376430
63366235393363363438653166323032366332323662396562383235643035356239643134393766
32626431366636366533363739623762646233336534323339663364636132393736393531323766
62383662313830643465396432646231653035326231623031323866336161663336633033653766
66633531666532393164333031646130363861333462393635323334396234623934623364323862
35613238663365346364663865396665643462313861343062333535653866366539633961666637
3464636164323666343630306233303539376365356466393632
