$ANSIBLE_VAULT;1.1;AES256
32343531613232613934633239623331303738343132383531626139353837336338666138663031
6561363236363265363433383533633933323565653863620a656230366161613563333864323034
34623433393138343132316334383930366230663835623064353436653639663361663964363535
3438376662363230380a303737653638633330663337613462633665376530373033353930646239
38383435313338376139643966323066643332646338316531383966316664336438316237616538
30323838663134376261663865326563666231623865333062393732336134366163383164313132
62333865326564386461373636393239316436306364343733646665636339306139373336613239
64363564613162616561643630616233643132386266616631613766343931333966353936383537
31653664363932656663313637633166396231316630383065383733343034666638663339316362
37346537306462656436646434383633343264333438653236643632336166303736366464326637
38666230633361383862346162393434343536323431623733653530303864336265316331363061
36363661616466626463323437613732396637666537356464306562613736613661376163306432
31363538346363323761386630653934626564653862393532633733326138613536666331383034
3661306532316235386435376164626638376666666434386663
